[0.2906898]
[2.518687]
[1.5014119]
[0.53088856]
[0.62376827]
[0.8496046]
[0.5020735]
[0.838981]
[0.7732273]
[0.822644]
[1.0226961]
[0.77613986]
[0.5798902]
[0.5936872]
[0.85061014]
[0.646197]
[1.4708086]
[0.46688065]
[0.39675444]
[0.90782124]
[0.7771683]
[0.414547]
[0.7555889]
[0.5813198]
[0.5957146]
[0.7009633]
[0.4275754]
[0.91137606]
[0.52251804]
[0.47167435]
[0.36321154]
[0.5722964]
[0.55328894]
[0.4376374]
[0.65721834]
[0.52919996]
[0.7420297]
[1.279378]
[0.5063745]
[0.49814224]
[1.176477]
[0.84336334]
[0.29126307]
[0.432533]
[0.33576983]
[0.23125578]
[0.16847807]
[0.4395436]
[0.31563208]
[0.43734595]
[0.40503326]
[0.46844533]
[0.46847278]
[0.29890254]
[0.38377783]
[0.34183568]
[0.43461123]
[0.2938246]
[0.7696948]
[0.43303952]
[0.7016515]
[0.53209287]
[0.1257246]
[0.33525464]
[0.53288704]
[0.19492516]
[0.44875]
[0.23019116]
[0.73937976]
[0.40186828]
[0.5941602]
[0.45262724]
[0.34387305]
[0.39234272]
[0.17916438]
